(kicad_pcb (version 20171130) (host pcbnew "(5.0.0)")

  (general
    (thickness 1.6)
    (drawings 72)
    (tracks 312)
    (zones 0)
    (modules 33)
    (nets 14)
  )

  (page A4)
  (layers
    (0 F.Cu signal)
    (31 B.Cu signal)
    (32 B.Adhes user)
    (33 F.Adhes user)
    (34 B.Paste user)
    (35 F.Paste user)
    (36 B.SilkS user)
    (37 F.SilkS user)
    (38 B.Mask user)
    (39 F.Mask user)
    (40 Dwgs.User user)
    (41 Cmts.User user)
    (42 Eco1.User user)
    (43 Eco2.User user)
    (44 Edge.Cuts user)
    (45 Margin user)
    (46 B.CrtYd user hide)
    (47 F.CrtYd user hide)
    (48 B.Fab user)
    (49 F.Fab user hide)
  )

  (setup
    (last_trace_width 0.35)
    (trace_clearance 0.35)
    (zone_clearance 0.508)
    (zone_45_only no)
    (trace_min 0.2)
    (segment_width 0.2)
    (edge_width 0.15)
    (via_size 2)
    (via_drill 1)
    (via_min_size 0.4)
    (via_min_drill 0.3)
    (uvia_size 0.3)
    (uvia_drill 0.1)
    (uvias_allowed no)
    (uvia_min_size 0.2)
    (uvia_min_drill 0.1)
    (pcb_text_width 0.3)
    (pcb_text_size 1.5 1.5)
    (mod_edge_width 0.15)
    (mod_text_size 1 1)
    (mod_text_width 0.15)
    (pad_size 1.524 1.524)
    (pad_drill 0.762)
    (pad_to_mask_clearance 0.2)
    (aux_axis_origin 0 0)
    (visible_elements 7FFFFFFF)
    (pcbplotparams
      (layerselection 0x010fc_ffffffff)
      (usegerberextensions false)
      (usegerberattributes false)
      (usegerberadvancedattributes false)
      (creategerberjobfile false)
      (excludeedgelayer true)
      (linewidth 0.100000)
      (plotframeref false)
      (viasonmask false)
      (mode 1)
      (useauxorigin false)
      (hpglpennumber 1)
      (hpglpenspeed 20)
      (hpglpendiameter 15.000000)
      (psnegative false)
      (psa4output false)
      (plotreference true)
      (plotvalue true)
      (plotinvisibletext false)
      (padsonsilk false)
      (subtractmaskfromsilk false)
      (outputformat 1)
      (mirror false)
      (drillshape 0)
      (scaleselection 1)
      (outputdirectory "gerber/"))
  )

  (net 0 "")
  (net 1 "Net-(C1-Pad2)")
  (net 2 "Net-(C2-Pad1)")
  (net 3 "Net-(C3-Pad2)")
  (net 4 "Net-(C4-Pad2)")
  (net 5 "Net-(C5-Pad2)")
  (net 6 GND)
  (net 7 VCC)
  (net 8 VEE)
  (net 9 "Net-(J8-Pad2)")
  (net 10 "Net-(R10-Pad2)")
  (net 11 N_INV_In)
  (net 12 INV_In1)
  (net 13 OUTPUT)

  (net_class Default "Dies ist die voreingestellte Netzklasse."
    (clearance 0.35)
    (trace_width 0.35)
    (via_dia 2)
    (via_drill 1)
    (uvia_dia 0.3)
    (uvia_drill 0.1)
    (add_net INV_In1)
    (add_net N_INV_In)
    (add_net "Net-(C1-Pad2)")
    (add_net "Net-(C2-Pad1)")
    (add_net "Net-(C3-Pad2)")
    (add_net "Net-(C4-Pad2)")
    (add_net "Net-(C5-Pad2)")
    (add_net "Net-(J8-Pad2)")
    (add_net "Net-(R10-Pad2)")
    (add_net OUTPUT)
  )

  (net_class POWER ""
    (clearance 0.35)
    (trace_width 0.65)
    (via_dia 2)
    (via_drill 1)
    (uvia_dia 0.3)
    (uvia_drill 0.1)
    (add_net GND)
    (add_net VCC)
    (add_net VEE)
  )

  (module Capacitors_SMD:C_1206_HandSoldering (layer F.Cu) (tedit 58AA84D1) (tstamp 5D7C0160)
    (at 29.5 37)
    (descr "Capacitor SMD 1206, hand soldering")
    (tags "capacitor 1206")
    (path /5D7BEB6A)
    (attr smd)
    (fp_text reference C1 (at 4.5 0) (layer F.SilkS)
      (effects (font (size 1 1) (thickness 0.15)))
    )
    (fp_text value C (at 0 2) (layer F.Fab)
      (effects (font (size 1 1) (thickness 0.15)))
    )
    (fp_line (start 3.25 1.05) (end -3.25 1.05) (layer F.CrtYd) (width 0.05))
    (fp_line (start 3.25 1.05) (end 3.25 -1.05) (layer F.CrtYd) (width 0.05))
    (fp_line (start -3.25 -1.05) (end -3.25 1.05) (layer F.CrtYd) (width 0.05))
    (fp_line (start -3.25 -1.05) (end 3.25 -1.05) (layer F.CrtYd) (width 0.05))
    (fp_line (start -1 1.02) (end 1 1.02) (layer F.SilkS) (width 0.12))
    (fp_line (start 1 -1.02) (end -1 -1.02) (layer F.SilkS) (width 0.12))
    (fp_line (start -1.6 -0.8) (end 1.6 -0.8) (layer F.Fab) (width 0.1))
    (fp_line (start 1.6 -0.8) (end 1.6 0.8) (layer F.Fab) (width 0.1))
    (fp_line (start 1.6 0.8) (end -1.6 0.8) (layer F.Fab) (width 0.1))
    (fp_line (start -1.6 0.8) (end -1.6 -0.8) (layer F.Fab) (width 0.1))
    (fp_text user %R (at 0 -1.75) (layer F.Fab)
      (effects (font (size 1 1) (thickness 0.15)))
    )
    (pad 2 smd rect (at 2 0) (size 2 1.6) (layers F.Cu F.Paste F.Mask)
      (net 1 "Net-(C1-Pad2)"))
    (pad 1 smd rect (at -2 0) (size 2 1.6) (layers F.Cu F.Paste F.Mask)
      (net 11 N_INV_In))
    (model Capacitors_SMD.3dshapes/C_1206.wrl
      (at (xyz 0 0 0))
      (scale (xyz 1 1 1))
      (rotate (xyz 0 0 0))
    )
  )

  (module Capacitors_SMD:C_1206_HandSoldering (layer F.Cu) (tedit 58AA84D1) (tstamp 5D7D1260)
    (at 29 62.5 180)
    (descr "Capacitor SMD 1206, hand soldering")
    (tags "capacitor 1206")
    (path /5D816CB2)
    (attr smd)
    (fp_text reference C2 (at -4.5 0 180) (layer F.SilkS)
      (effects (font (size 1 1) (thickness 0.15)))
    )
    (fp_text value C (at 0 2 180) (layer F.Fab)
      (effects (font (size 1 1) (thickness 0.15)))
    )
    (fp_text user %R (at 0 -1.75 180) (layer F.Fab)
      (effects (font (size 1 1) (thickness 0.15)))
    )
    (fp_line (start -1.6 0.8) (end -1.6 -0.8) (layer F.Fab) (width 0.1))
    (fp_line (start 1.6 0.8) (end -1.6 0.8) (layer F.Fab) (width 0.1))
    (fp_line (start 1.6 -0.8) (end 1.6 0.8) (layer F.Fab) (width 0.1))
    (fp_line (start -1.6 -0.8) (end 1.6 -0.8) (layer F.Fab) (width 0.1))
    (fp_line (start 1 -1.02) (end -1 -1.02) (layer F.SilkS) (width 0.12))
    (fp_line (start -1 1.02) (end 1 1.02) (layer F.SilkS) (width 0.12))
    (fp_line (start -3.25 -1.05) (end 3.25 -1.05) (layer F.CrtYd) (width 0.05))
    (fp_line (start -3.25 -1.05) (end -3.25 1.05) (layer F.CrtYd) (width 0.05))
    (fp_line (start 3.25 1.05) (end 3.25 -1.05) (layer F.CrtYd) (width 0.05))
    (fp_line (start 3.25 1.05) (end -3.25 1.05) (layer F.CrtYd) (width 0.05))
    (pad 1 smd rect (at -2 0 180) (size 2 1.6) (layers F.Cu F.Paste F.Mask)
      (net 2 "Net-(C2-Pad1)"))
    (pad 2 smd rect (at 2 0 180) (size 2 1.6) (layers F.Cu F.Paste F.Mask)
      (net 12 INV_In1))
    (model Capacitors_SMD.3dshapes/C_1206.wrl
      (at (xyz 0 0 0))
      (scale (xyz 1 1 1))
      (rotate (xyz 0 0 0))
    )
  )

  (module Capacitors_SMD:C_1206_HandSoldering (layer F.Cu) (tedit 58AA84D1) (tstamp 5D7D1290)
    (at 29 54.5 180)
    (descr "Capacitor SMD 1206, hand soldering")
    (tags "capacitor 1206")
    (path /5D7E84AC)
    (attr smd)
    (fp_text reference C3 (at -5 0 180) (layer F.SilkS)
      (effects (font (size 1 1) (thickness 0.15)))
    )
    (fp_text value C (at 0 2 180) (layer F.Fab)
      (effects (font (size 1 1) (thickness 0.15)))
    )
    (fp_line (start 3.25 1.05) (end -3.25 1.05) (layer F.CrtYd) (width 0.05))
    (fp_line (start 3.25 1.05) (end 3.25 -1.05) (layer F.CrtYd) (width 0.05))
    (fp_line (start -3.25 -1.05) (end -3.25 1.05) (layer F.CrtYd) (width 0.05))
    (fp_line (start -3.25 -1.05) (end 3.25 -1.05) (layer F.CrtYd) (width 0.05))
    (fp_line (start -1 1.02) (end 1 1.02) (layer F.SilkS) (width 0.12))
    (fp_line (start 1 -1.02) (end -1 -1.02) (layer F.SilkS) (width 0.12))
    (fp_line (start -1.6 -0.8) (end 1.6 -0.8) (layer F.Fab) (width 0.1))
    (fp_line (start 1.6 -0.8) (end 1.6 0.8) (layer F.Fab) (width 0.1))
    (fp_line (start 1.6 0.8) (end -1.6 0.8) (layer F.Fab) (width 0.1))
    (fp_line (start -1.6 0.8) (end -1.6 -0.8) (layer F.Fab) (width 0.1))
    (fp_text user %R (at 0 -1.75 180) (layer F.Fab)
      (effects (font (size 1 1) (thickness 0.15)))
    )
    (pad 2 smd rect (at 2 0 180) (size 2 1.6) (layers F.Cu F.Paste F.Mask)
      (net 3 "Net-(C3-Pad2)"))
    (pad 1 smd rect (at -2 0 180) (size 2 1.6) (layers F.Cu F.Paste F.Mask)
      (net 2 "Net-(C2-Pad1)"))
    (model Capacitors_SMD.3dshapes/C_1206.wrl
      (at (xyz 0 0 0))
      (scale (xyz 1 1 1))
      (rotate (xyz 0 0 0))
    )
  )

  (module Capacitors_SMD:C_1206_HandSoldering (layer F.Cu) (tedit 58AA84D1) (tstamp 5D7D11D0)
    (at 29 45.5 180)
    (descr "Capacitor SMD 1206, hand soldering")
    (tags "capacitor 1206")
    (path /5D81F9C6)
    (attr smd)
    (fp_text reference C4 (at -4.5 0 180) (layer F.SilkS)
      (effects (font (size 1 1) (thickness 0.15)))
    )
    (fp_text value C (at 0 2 180) (layer F.Fab)
      (effects (font (size 1 1) (thickness 0.15)))
    )
    (fp_text user %R (at 0 -1.75 180) (layer F.Fab)
      (effects (font (size 1 1) (thickness 0.15)))
    )
    (fp_line (start -1.6 0.8) (end -1.6 -0.8) (layer F.Fab) (width 0.1))
    (fp_line (start 1.6 0.8) (end -1.6 0.8) (layer F.Fab) (width 0.1))
    (fp_line (start 1.6 -0.8) (end 1.6 0.8) (layer F.Fab) (width 0.1))
    (fp_line (start -1.6 -0.8) (end 1.6 -0.8) (layer F.Fab) (width 0.1))
    (fp_line (start 1 -1.02) (end -1 -1.02) (layer F.SilkS) (width 0.12))
    (fp_line (start -1 1.02) (end 1 1.02) (layer F.SilkS) (width 0.12))
    (fp_line (start -3.25 -1.05) (end 3.25 -1.05) (layer F.CrtYd) (width 0.05))
    (fp_line (start -3.25 -1.05) (end -3.25 1.05) (layer F.CrtYd) (width 0.05))
    (fp_line (start 3.25 1.05) (end 3.25 -1.05) (layer F.CrtYd) (width 0.05))
    (fp_line (start 3.25 1.05) (end -3.25 1.05) (layer F.CrtYd) (width 0.05))
    (pad 1 smd rect (at -2 0 180) (size 2 1.6) (layers F.Cu F.Paste F.Mask)
      (net 2 "Net-(C2-Pad1)"))
    (pad 2 smd rect (at 2 0 180) (size 2 1.6) (layers F.Cu F.Paste F.Mask)
      (net 4 "Net-(C4-Pad2)"))
    (model Capacitors_SMD.3dshapes/C_1206.wrl
      (at (xyz 0 0 0))
      (scale (xyz 1 1 1))
      (rotate (xyz 0 0 0))
    )
  )

  (module Capacitors_SMD:C_1206_HandSoldering (layer F.Cu) (tedit 58AA84D1) (tstamp 5D7C01A4)
    (at 39 34)
    (descr "Capacitor SMD 1206, hand soldering")
    (tags "capacitor 1206")
    (path /5D7BEA88)
    (attr smd)
    (fp_text reference C5 (at 4.5 0) (layer F.SilkS)
      (effects (font (size 1 1) (thickness 0.15)))
    )
    (fp_text value C (at 0 2) (layer F.Fab)
      (effects (font (size 1 1) (thickness 0.15)))
    )
    (fp_line (start 3.25 1.05) (end -3.25 1.05) (layer F.CrtYd) (width 0.05))
    (fp_line (start 3.25 1.05) (end 3.25 -1.05) (layer F.CrtYd) (width 0.05))
    (fp_line (start -3.25 -1.05) (end -3.25 1.05) (layer F.CrtYd) (width 0.05))
    (fp_line (start -3.25 -1.05) (end 3.25 -1.05) (layer F.CrtYd) (width 0.05))
    (fp_line (start -1 1.02) (end 1 1.02) (layer F.SilkS) (width 0.12))
    (fp_line (start 1 -1.02) (end -1 -1.02) (layer F.SilkS) (width 0.12))
    (fp_line (start -1.6 -0.8) (end 1.6 -0.8) (layer F.Fab) (width 0.1))
    (fp_line (start 1.6 -0.8) (end 1.6 0.8) (layer F.Fab) (width 0.1))
    (fp_line (start 1.6 0.8) (end -1.6 0.8) (layer F.Fab) (width 0.1))
    (fp_line (start -1.6 0.8) (end -1.6 -0.8) (layer F.Fab) (width 0.1))
    (fp_text user %R (at 0 -1.75) (layer F.Fab)
      (effects (font (size 1 1) (thickness 0.15)))
    )
    (pad 2 smd rect (at 2 0) (size 2 1.6) (layers F.Cu F.Paste F.Mask)
      (net 5 "Net-(C5-Pad2)"))
    (pad 1 smd rect (at -2 0) (size 2 1.6) (layers F.Cu F.Paste F.Mask)
      (net 1 "Net-(C1-Pad2)"))
    (model Capacitors_SMD.3dshapes/C_1206.wrl
      (at (xyz 0 0 0))
      (scale (xyz 1 1 1))
      (rotate (xyz 0 0 0))
    )
  )

  (module Capacitors_SMD:C_1206_HandSoldering (layer F.Cu) (tedit 58AA84D1) (tstamp 5D7C01B5)
    (at 51 49.5 90)
    (descr "Capacitor SMD 1206, hand soldering")
    (tags "capacitor 1206")
    (path /5D7BDEEB)
    (attr smd)
    (fp_text reference C6 (at 0 2 90) (layer F.SilkS)
      (effects (font (size 1 1) (thickness 0.15)))
    )
    (fp_text value C (at 0 2 90) (layer F.Fab)
      (effects (font (size 1 1) (thickness 0.15)))
    )
    (fp_line (start 3.25 1.05) (end -3.25 1.05) (layer F.CrtYd) (width 0.05))
    (fp_line (start 3.25 1.05) (end 3.25 -1.05) (layer F.CrtYd) (width 0.05))
    (fp_line (start -3.25 -1.05) (end -3.25 1.05) (layer F.CrtYd) (width 0.05))
    (fp_line (start -3.25 -1.05) (end 3.25 -1.05) (layer F.CrtYd) (width 0.05))
    (fp_line (start -1 1.02) (end 1 1.02) (layer F.SilkS) (width 0.12))
    (fp_line (start 1 -1.02) (end -1 -1.02) (layer F.SilkS) (width 0.12))
    (fp_line (start -1.6 -0.8) (end 1.6 -0.8) (layer F.Fab) (width 0.1))
    (fp_line (start 1.6 -0.8) (end 1.6 0.8) (layer F.Fab) (width 0.1))
    (fp_line (start 1.6 0.8) (end -1.6 0.8) (layer F.Fab) (width 0.1))
    (fp_line (start -1.6 0.8) (end -1.6 -0.8) (layer F.Fab) (width 0.1))
    (fp_text user %R (at 0 -1.75 90) (layer F.Fab)
      (effects (font (size 1 1) (thickness 0.15)))
    )
    (pad 2 smd rect (at 2 0 90) (size 2 1.6) (layers F.Cu F.Paste F.Mask)
      (net 5 "Net-(C5-Pad2)"))
    (pad 1 smd rect (at -2 0 90) (size 2 1.6) (layers F.Cu F.Paste F.Mask)
      (net 6 GND))
    (model Capacitors_SMD.3dshapes/C_1206.wrl
      (at (xyz 0 0 0))
      (scale (xyz 1 1 1))
      (rotate (xyz 0 0 0))
    )
  )

  (module Capacitors_SMD:C_1206_HandSoldering (layer F.Cu) (tedit 58AA84D1) (tstamp 5D7C01C6)
    (at 49.5 30.5)
    (descr "Capacitor SMD 1206, hand soldering")
    (tags "capacitor 1206")
    (path /5D7BDF69)
    (attr smd)
    (fp_text reference C7 (at 4.5 0) (layer F.SilkS)
      (effects (font (size 1 1) (thickness 0.15)))
    )
    (fp_text value C (at 0 2) (layer F.Fab)
      (effects (font (size 1 1) (thickness 0.15)))
    )
    (fp_text user %R (at 0 -1.75) (layer F.Fab)
      (effects (font (size 1 1) (thickness 0.15)))
    )
    (fp_line (start -1.6 0.8) (end -1.6 -0.8) (layer F.Fab) (width 0.1))
    (fp_line (start 1.6 0.8) (end -1.6 0.8) (layer F.Fab) (width 0.1))
    (fp_line (start 1.6 -0.8) (end 1.6 0.8) (layer F.Fab) (width 0.1))
    (fp_line (start -1.6 -0.8) (end 1.6 -0.8) (layer F.Fab) (width 0.1))
    (fp_line (start 1 -1.02) (end -1 -1.02) (layer F.SilkS) (width 0.12))
    (fp_line (start -1 1.02) (end 1 1.02) (layer F.SilkS) (width 0.12))
    (fp_line (start -3.25 -1.05) (end 3.25 -1.05) (layer F.CrtYd) (width 0.05))
    (fp_line (start -3.25 -1.05) (end -3.25 1.05) (layer F.CrtYd) (width 0.05))
    (fp_line (start 3.25 1.05) (end 3.25 -1.05) (layer F.CrtYd) (width 0.05))
    (fp_line (start 3.25 1.05) (end -3.25 1.05) (layer F.CrtYd) (width 0.05))
    (pad 1 smd rect (at -2 0) (size 2 1.6) (layers F.Cu F.Paste F.Mask)
      (net 1 "Net-(C1-Pad2)"))
    (pad 2 smd rect (at 2 0) (size 2 1.6) (layers F.Cu F.Paste F.Mask)
      (net 13 OUTPUT))
    (model Capacitors_SMD.3dshapes/C_1206.wrl
      (at (xyz 0 0 0))
      (scale (xyz 1 1 1))
      (rotate (xyz 0 0 0))
    )
  )

  (module Capacitors_SMD:C_1206_HandSoldering (layer F.Cu) (tedit 58AA84D1) (tstamp 5D7C01D7)
    (at 84.5 38.5 270)
    (descr "Capacitor SMD 1206, hand soldering")
    (tags "capacitor 1206")
    (path /5D7E831B)
    (attr smd)
    (fp_text reference C8 (at -4.5 0 270) (layer F.SilkS)
      (effects (font (size 1 1) (thickness 0.15)))
    )
    (fp_text value C (at 0 2 270) (layer F.Fab)
      (effects (font (size 1 1) (thickness 0.15)))
    )
    (fp_text user %R (at 0 -1.75 270) (layer F.Fab)
      (effects (font (size 1 1) (thickness 0.15)))
    )
    (fp_line (start -1.6 0.8) (end -1.6 -0.8) (layer F.Fab) (width 0.1))
    (fp_line (start 1.6 0.8) (end -1.6 0.8) (layer F.Fab) (width 0.1))
    (fp_line (start 1.6 -0.8) (end 1.6 0.8) (layer F.Fab) (width 0.1))
    (fp_line (start -1.6 -0.8) (end 1.6 -0.8) (layer F.Fab) (width 0.1))
    (fp_line (start 1 -1.02) (end -1 -1.02) (layer F.SilkS) (width 0.12))
    (fp_line (start -1 1.02) (end 1 1.02) (layer F.SilkS) (width 0.12))
    (fp_line (start -3.25 -1.05) (end 3.25 -1.05) (layer F.CrtYd) (width 0.05))
    (fp_line (start -3.25 -1.05) (end -3.25 1.05) (layer F.CrtYd) (width 0.05))
    (fp_line (start 3.25 1.05) (end 3.25 -1.05) (layer F.CrtYd) (width 0.05))
    (fp_line (start 3.25 1.05) (end -3.25 1.05) (layer F.CrtYd) (width 0.05))
    (pad 1 smd rect (at -2 0 270) (size 2 1.6) (layers F.Cu F.Paste F.Mask)
      (net 13 OUTPUT))
    (pad 2 smd rect (at 2 0 270) (size 2 1.6) (layers F.Cu F.Paste F.Mask)
      (net 2 "Net-(C2-Pad1)"))
    (model Capacitors_SMD.3dshapes/C_1206.wrl
      (at (xyz 0 0 0))
      (scale (xyz 1 1 1))
      (rotate (xyz 0 0 0))
    )
  )

  (module Capacitors_SMD:C_1206_HandSoldering (layer F.Cu) (tedit 58AA84D1) (tstamp 5D7C01E8)
    (at 84.5 48 270)
    (descr "Capacitor SMD 1206, hand soldering")
    (tags "capacitor 1206")
    (path /5D7E8440)
    (attr smd)
    (fp_text reference C9 (at 5 0 270) (layer F.SilkS)
      (effects (font (size 1 1) (thickness 0.15)))
    )
    (fp_text value C (at 0 2 270) (layer F.Fab)
      (effects (font (size 1 1) (thickness 0.15)))
    )
    (fp_text user %R (at 0 -1.75 270) (layer F.Fab)
      (effects (font (size 1 1) (thickness 0.15)))
    )
    (fp_line (start -1.6 0.8) (end -1.6 -0.8) (layer F.Fab) (width 0.1))
    (fp_line (start 1.6 0.8) (end -1.6 0.8) (layer F.Fab) (width 0.1))
    (fp_line (start 1.6 -0.8) (end 1.6 0.8) (layer F.Fab) (width 0.1))
    (fp_line (start -1.6 -0.8) (end 1.6 -0.8) (layer F.Fab) (width 0.1))
    (fp_line (start 1 -1.02) (end -1 -1.02) (layer F.SilkS) (width 0.12))
    (fp_line (start -1 1.02) (end 1 1.02) (layer F.SilkS) (width 0.12))
    (fp_line (start -3.25 -1.05) (end 3.25 -1.05) (layer F.CrtYd) (width 0.05))
    (fp_line (start -3.25 -1.05) (end -3.25 1.05) (layer F.CrtYd) (width 0.05))
    (fp_line (start 3.25 1.05) (end 3.25 -1.05) (layer F.CrtYd) (width 0.05))
    (fp_line (start 3.25 1.05) (end -3.25 1.05) (layer F.CrtYd) (width 0.05))
    (pad 1 smd rect (at -2 0 270) (size 2 1.6) (layers F.Cu F.Paste F.Mask)
      (net 2 "Net-(C2-Pad1)"))
    (pad 2 smd rect (at 2 0 270) (size 2 1.6) (layers F.Cu F.Paste F.Mask)
      (net 6 GND))
    (model Capacitors_SMD.3dshapes/C_1206.wrl
      (at (xyz 0 0 0))
      (scale (xyz 1 1 1))
      (rotate (xyz 0 0 0))
    )
  )

  (module Capacitors_SMD:C_1206_HandSoldering (layer F.Cu) (tedit 58AA84D1) (tstamp 5D7C01F9)
    (at 59.5 37)
    (descr "Capacitor SMD 1206, hand soldering")
    (tags "capacitor 1206")
    (path /5D860B28)
    (attr smd)
    (fp_text reference C10 (at 0 -1.75) (layer F.SilkS)
      (effects (font (size 1 1) (thickness 0.15)))
    )
    (fp_text value C (at 0 2) (layer F.Fab)
      (effects (font (size 1 1) (thickness 0.15)))
    )
    (fp_line (start 3.25 1.05) (end -3.25 1.05) (layer F.CrtYd) (width 0.05))
    (fp_line (start 3.25 1.05) (end 3.25 -1.05) (layer F.CrtYd) (width 0.05))
    (fp_line (start -3.25 -1.05) (end -3.25 1.05) (layer F.CrtYd) (width 0.05))
    (fp_line (start -3.25 -1.05) (end 3.25 -1.05) (layer F.CrtYd) (width 0.05))
    (fp_line (start -1 1.02) (end 1 1.02) (layer F.SilkS) (width 0.12))
    (fp_line (start 1 -1.02) (end -1 -1.02) (layer F.SilkS) (width 0.12))
    (fp_line (start -1.6 -0.8) (end 1.6 -0.8) (layer F.Fab) (width 0.1))
    (fp_line (start 1.6 -0.8) (end 1.6 0.8) (layer F.Fab) (width 0.1))
    (fp_line (start 1.6 0.8) (end -1.6 0.8) (layer F.Fab) (width 0.1))
    (fp_line (start -1.6 0.8) (end -1.6 -0.8) (layer F.Fab) (width 0.1))
    (fp_text user %R (at 0 -1.75) (layer F.Fab)
      (effects (font (size 1 1) (thickness 0.15)))
    )
    (pad 2 smd rect (at 2 0) (size 2 1.6) (layers F.Cu F.Paste F.Mask)
      (net 7 VCC))
    (pad 1 smd rect (at -2 0) (size 2 1.6) (layers F.Cu F.Paste F.Mask)
      (net 8 VEE))
    (model Capacitors_SMD.3dshapes/C_1206.wrl
      (at (xyz 0 0 0))
      (scale (xyz 1 1 1))
      (rotate (xyz 0 0 0))
    )
  )

  (module Connectors_Phoenix:PhoenixContact_MCV-G_03x3.81mm_Vertical (layer F.Cu) (tedit 59566E61) (tstamp 5D7C023B)
    (at 91 51 270)
    (descr "Generic Phoenix Contact connector footprint for series: MCV-G; number of pins: 03; pin pitch: 3.81mm; Vertical || order number: 1803439 8A 160V")
    (tags "phoenix_contact connector MCV_01x03_G_3.81mm")
    (path /5D889F63)
    (fp_text reference J1 (at 10.5 4 270) (layer F.SilkS)
      (effects (font (size 1 1) (thickness 0.15)))
    )
    (fp_text value Conn_01x03_Male (at 15.5 8 270) (layer F.Fab)
      (effects (font (size 1 1) (thickness 0.15)))
    )
    (fp_arc (start 0 3.95) (end -0.75 2.25) (angle 47.6) (layer F.SilkS) (width 0.12))
    (fp_arc (start 3.81 3.95) (end 3.06 2.25) (angle 47.6) (layer F.SilkS) (width 0.12))
    (fp_arc (start 7.62 3.95) (end 6.87 2.25) (angle 47.6) (layer F.SilkS) (width 0.12))
    (fp_line (start -2.68 -4.33) (end -2.68 3.08) (layer F.SilkS) (width 0.12))
    (fp_line (start -2.68 3.08) (end 10.3 3.08) (layer F.SilkS) (width 0.12))
    (fp_line (start 10.3 3.08) (end 10.3 -4.33) (layer F.SilkS) (width 0.12))
    (fp_line (start 10.3 -4.33) (end -2.68 -4.33) (layer F.SilkS) (width 0.12))
    (fp_line (start -2.6 -4.25) (end -2.6 3) (layer F.Fab) (width 0.1))
    (fp_line (start -2.6 3) (end 10.22 3) (layer F.Fab) (width 0.1))
    (fp_line (start 10.22 3) (end 10.22 -4.25) (layer F.Fab) (width 0.1))
    (fp_line (start 10.22 -4.25) (end -2.6 -4.25) (layer F.Fab) (width 0.1))
    (fp_line (start -0.75 2.25) (end -1.5 2.25) (layer F.SilkS) (width 0.12))
    (fp_line (start -1.5 2.25) (end -1.5 -2.05) (layer F.SilkS) (width 0.12))
    (fp_line (start -1.5 -2.05) (end -0.75 -2.05) (layer F.SilkS) (width 0.12))
    (fp_line (start -0.75 -2.05) (end -0.75 -2.4) (layer F.SilkS) (width 0.12))
    (fp_line (start -0.75 -2.4) (end -1.25 -2.4) (layer F.SilkS) (width 0.12))
    (fp_line (start -1.25 -2.4) (end -1.5 -3.4) (layer F.SilkS) (width 0.12))
    (fp_line (start -1.5 -3.4) (end 1.5 -3.4) (layer F.SilkS) (width 0.12))
    (fp_line (start 1.5 -3.4) (end 1.25 -2.4) (layer F.SilkS) (width 0.12))
    (fp_line (start 1.25 -2.4) (end 0.75 -2.4) (layer F.SilkS) (width 0.12))
    (fp_line (start 0.75 -2.4) (end 0.75 -2.05) (layer F.SilkS) (width 0.12))
    (fp_line (start 0.75 -2.05) (end 1.5 -2.05) (layer F.SilkS) (width 0.12))
    (fp_line (start 1.5 -2.05) (end 1.5 2.25) (layer F.SilkS) (width 0.12))
    (fp_line (start 1.5 2.25) (end 0.75 2.25) (layer F.SilkS) (width 0.12))
    (fp_line (start 3.06 2.25) (end 2.31 2.25) (layer F.SilkS) (width 0.12))
    (fp_line (start 2.31 2.25) (end 2.31 -2.05) (layer F.SilkS) (width 0.12))
    (fp_line (start 2.31 -2.05) (end 3.06 -2.05) (layer F.SilkS) (width 0.12))
    (fp_line (start 3.06 -2.05) (end 3.06 -2.4) (layer F.SilkS) (width 0.12))
    (fp_line (start 3.06 -2.4) (end 2.56 -2.4) (layer F.SilkS) (width 0.12))
    (fp_line (start 2.56 -2.4) (end 2.31 -3.4) (layer F.SilkS) (width 0.12))
    (fp_line (start 2.31 -3.4) (end 5.31 -3.4) (layer F.SilkS) (width 0.12))
    (fp_line (start 5.31 -3.4) (end 5.06 -2.4) (layer F.SilkS) (width 0.12))
    (fp_line (start 5.06 -2.4) (end 4.56 -2.4) (layer F.SilkS) (width 0.12))
    (fp_line (start 4.56 -2.4) (end 4.56 -2.05) (layer F.SilkS) (width 0.12))
    (fp_line (start 4.56 -2.05) (end 5.31 -2.05) (layer F.SilkS) (width 0.12))
    (fp_line (start 5.31 -2.05) (end 5.31 2.25) (layer F.SilkS) (width 0.12))
    (fp_line (start 5.31 2.25) (end 4.56 2.25) (layer F.SilkS) (width 0.12))
    (fp_line (start 6.87 2.25) (end 6.12 2.25) (layer F.SilkS) (width 0.12))
    (fp_line (start 6.12 2.25) (end 6.12 -2.05) (layer F.SilkS) (width 0.12))
    (fp_line (start 6.12 -2.05) (end 6.87 -2.05) (layer F.SilkS) (width 0.12))
    (fp_line (start 6.87 -2.05) (end 6.87 -2.4) (layer F.SilkS) (width 0.12))
    (fp_line (start 6.87 -2.4) (end 6.37 -2.4) (layer F.SilkS) (width 0.12))
    (fp_line (start 6.37 -2.4) (end 6.12 -3.4) (layer F.SilkS) (width 0.12))
    (fp_line (start 6.12 -3.4) (end 9.12 -3.4) (layer F.SilkS) (width 0.12))
    (fp_line (start 9.12 -3.4) (end 8.87 -2.4) (layer F.SilkS) (width 0.12))
    (fp_line (start 8.87 -2.4) (end 8.37 -2.4) (layer F.SilkS) (width 0.12))
    (fp_line (start 8.37 -2.4) (end 8.37 -2.05) (layer F.SilkS) (width 0.12))
    (fp_line (start 8.37 -2.05) (end 9.12 -2.05) (layer F.SilkS) (width 0.12))
    (fp_line (start 9.12 -2.05) (end 9.12 2.25) (layer F.SilkS) (width 0.12))
    (fp_line (start 9.12 2.25) (end 8.37 2.25) (layer F.SilkS) (width 0.12))
    (fp_line (start -3.1 -4.75) (end -3.1 3.5) (layer F.CrtYd) (width 0.05))
    (fp_line (start -3.1 3.5) (end 10.72 3.5) (layer F.CrtYd) (width 0.05))
    (fp_line (start 10.72 3.5) (end 10.72 -4.75) (layer F.CrtYd) (width 0.05))
    (fp_line (start 10.72 -4.75) (end -3.1 -4.75) (layer F.CrtYd) (width 0.05))
    (fp_line (start -3.1 -3.5) (end -3.1 -4.75) (layer F.SilkS) (width 0.12))
    (fp_line (start -3.1 -4.75) (end -1.1 -4.75) (layer F.SilkS) (width 0.12))
    (fp_line (start -3.1 -3.5) (end -3.1 -4.75) (layer F.Fab) (width 0.1))
    (fp_line (start -3.1 -4.75) (end -1.1 -4.75) (layer F.Fab) (width 0.1))
    (fp_text user %R (at 3.81 -3 270) (layer F.Fab)
      (effects (font (size 1 1) (thickness 0.15)))
    )
    (pad 1 thru_hole rect (at 0 0 270) (size 1.8 3.6) (drill 1.2) (layers *.Cu *.Mask)
      (net 7 VCC))
    (pad 2 thru_hole oval (at 3.81 0 270) (size 1.8 3.6) (drill 1.2) (layers *.Cu *.Mask)
      (net 6 GND))
    (pad 3 thru_hole oval (at 7.62 0 270) (size 1.8 3.6) (drill 1.2) (layers *.Cu *.Mask)
      (net 8 VEE))
    (model ${KISYS3DMOD}/Connectors_Phoenix.3dshapes/PhoenixContact_MCV-G_03x3.81mm_Vertical.wrl
      (at (xyz 0 0 0))
      (scale (xyz 1 1 1))
      (rotate (xyz 0 0 0))
    )
  )

  (module Connectors_Phoenix:PhoenixContact_MCV-G_03x3.81mm_Vertical (layer F.Cu) (tedit 59566E61) (tstamp 5D7C027D)
    (at 20 50 90)
    (descr "Generic Phoenix Contact connector footprint for series: MCV-G; number of pins: 03; pin pitch: 3.81mm; Vertical || order number: 1803439 8A 160V")
    (tags "phoenix_contact connector MCV_01x03_G_3.81mm")
    (path /5D8356DA)
    (fp_text reference J2 (at -4.5 -3.5 90) (layer F.SilkS)
      (effects (font (size 1 1) (thickness 0.15)))
    )
    (fp_text value Conn_01x03_Male (at 3.81 4 90) (layer F.Fab)
      (effects (font (size 1 1) (thickness 0.15)))
    )
    (fp_arc (start 0 3.95) (end -0.75 2.25) (angle 47.6) (layer F.SilkS) (width 0.12))
    (fp_arc (start 3.81 3.95) (end 3.06 2.25) (angle 47.6) (layer F.SilkS) (width 0.12))
    (fp_arc (start 7.62 3.95) (end 6.87 2.25) (angle 47.6) (layer F.SilkS) (width 0.12))
    (fp_line (start -2.68 -4.33) (end -2.68 3.08) (layer F.SilkS) (width 0.12))
    (fp_line (start -2.68 3.08) (end 10.3 3.08) (layer F.SilkS) (width 0.12))
    (fp_line (start 10.3 3.08) (end 10.3 -4.33) (layer F.SilkS) (width 0.12))
    (fp_line (start 10.3 -4.33) (end -2.68 -4.33) (layer F.SilkS) (width 0.12))
    (fp_line (start -2.6 -4.25) (end -2.6 3) (layer F.Fab) (width 0.1))
    (fp_line (start -2.6 3) (end 10.22 3) (layer F.Fab) (width 0.1))
    (fp_line (start 10.22 3) (end 10.22 -4.25) (layer F.Fab) (width 0.1))
    (fp_line (start 10.22 -4.25) (end -2.6 -4.25) (layer F.Fab) (width 0.1))
    (fp_line (start -0.75 2.25) (end -1.5 2.25) (layer F.SilkS) (width 0.12))
    (fp_line (start -1.5 2.25) (end -1.5 -2.05) (layer F.SilkS) (width 0.12))
    (fp_line (start -1.5 -2.05) (end -0.75 -2.05) (layer F.SilkS) (width 0.12))
    (fp_line (start -0.75 -2.05) (end -0.75 -2.4) (layer F.SilkS) (width 0.12))
    (fp_line (start -0.75 -2.4) (end -1.25 -2.4) (layer F.SilkS) (width 0.12))
    (fp_line (start -1.25 -2.4) (end -1.5 -3.4) (layer F.SilkS) (width 0.12))
    (fp_line (start -1.5 -3.4) (end 1.5 -3.4) (layer F.SilkS) (width 0.12))
    (fp_line (start 1.5 -3.4) (end 1.25 -2.4) (layer F.SilkS) (width 0.12))
    (fp_line (start 1.25 -2.4) (end 0.75 -2.4) (layer F.SilkS) (width 0.12))
    (fp_line (start 0.75 -2.4) (end 0.75 -2.05) (layer F.SilkS) (width 0.12))
    (fp_line (start 0.75 -2.05) (end 1.5 -2.05) (layer F.SilkS) (width 0.12))
    (fp_line (start 1.5 -2.05) (end 1.5 2.25) (layer F.SilkS) (width 0.12))
    (fp_line (start 1.5 2.25) (end 0.75 2.25) (layer F.SilkS) (width 0.12))
    (fp_line (start 3.06 2.25) (end 2.31 2.25) (layer F.SilkS) (width 0.12))
    (fp_line (start 2.31 2.25) (end 2.31 -2.05) (layer F.SilkS) (width 0.12))
    (fp_line (start 2.31 -2.05) (end 3.06 -2.05) (layer F.SilkS) (width 0.12))
    (fp_line (start 3.06 -2.05) (end 3.06 -2.4) (layer F.SilkS) (width 0.12))
    (fp_line (start 3.06 -2.4) (end 2.56 -2.4) (layer F.SilkS) (width 0.12))
    (fp_line (start 2.56 -2.4) (end 2.31 -3.4) (layer F.SilkS) (width 0.12))
    (fp_line (start 2.31 -3.4) (end 5.31 -3.4) (layer F.SilkS) (width 0.12))
    (fp_line (start 5.31 -3.4) (end 5.06 -2.4) (layer F.SilkS) (width 0.12))
    (fp_line (start 5.06 -2.4) (end 4.56 -2.4) (layer F.SilkS) (width 0.12))
    (fp_line (start 4.56 -2.4) (end 4.56 -2.05) (layer F.SilkS) (width 0.12))
    (fp_line (start 4.56 -2.05) (end 5.31 -2.05) (layer F.SilkS) (width 0.12))
    (fp_line (start 5.31 -2.05) (end 5.31 2.25) (layer F.SilkS) (width 0.12))
    (fp_line (start 5.31 2.25) (end 4.56 2.25) (layer F.SilkS) (width 0.12))
    (fp_line (start 6.87 2.25) (end 6.12 2.25) (layer F.SilkS) (width 0.12))
    (fp_line (start 6.12 2.25) (end 6.12 -2.05) (layer F.SilkS) (width 0.12))
    (fp_line (start 6.12 -2.05) (end 6.87 -2.05) (layer F.SilkS) (width 0.12))
    (fp_line (start 6.87 -2.05) (end 6.87 -2.4) (layer F.SilkS) (width 0.12))
    (fp_line (start 6.87 -2.4) (end 6.37 -2.4) (layer F.SilkS) (width 0.12))
    (fp_line (start 6.37 -2.4) (end 6.12 -3.4) (layer F.SilkS) (width 0.12))
    (fp_line (start 6.12 -3.4) (end 9.12 -3.4) (layer F.SilkS) (width 0.12))
    (fp_line (start 9.12 -3.4) (end 8.87 -2.4) (layer F.SilkS) (width 0.12))
    (fp_line (start 8.87 -2.4) (end 8.37 -2.4) (layer F.SilkS) (width 0.12))
    (fp_line (start 8.37 -2.4) (end 8.37 -2.05) (layer F.SilkS) (width 0.12))
    (fp_line (start 8.37 -2.05) (end 9.12 -2.05) (layer F.SilkS) (width 0.12))
    (fp_line (start 9.12 -2.05) (end 9.12 2.25) (layer F.SilkS) (width 0.12))
    (fp_line (start 9.12 2.25) (end 8.37 2.25) (layer F.SilkS) (width 0.12))
    (fp_line (start -3.1 -4.75) (end -3.1 3.5) (layer F.CrtYd) (width 0.05))
    (fp_line (start -3.1 3.5) (end 10.72 3.5) (layer F.CrtYd) (width 0.05))
    (fp_line (start 10.72 3.5) (end 10.72 -4.75) (layer F.CrtYd) (width 0.05))
    (fp_line (start 10.72 -4.75) (end -3.1 -4.75) (layer F.CrtYd) (width 0.05))
    (fp_line (start -3.1 -3.5) (end -3.1 -4.75) (layer F.SilkS) (width 0.12))
    (fp_line (start -3.1 -4.75) (end -1.1 -4.75) (layer F.SilkS) (width 0.12))
    (fp_line (start -3.1 -3.5) (end -3.1 -4.75) (layer F.Fab) (width 0.1))
    (fp_line (start -3.1 -4.75) (end -1.1 -4.75) (layer F.Fab) (width 0.1))
    (fp_text user %R (at 3.81 -3 90) (layer F.Fab)
      (effects (font (size 1 1) (thickness 0.15)))
    )
    (pad 1 thru_hole rect (at 0 0 90) (size 1.8 3.6) (drill 1.2) (layers *.Cu *.Mask)
      (net 12 INV_In1))
    (pad 2 thru_hole oval (at 3.81 0 90) (size 1.8 3.6) (drill 1.2) (layers *.Cu *.Mask)
      (net 3 "Net-(C3-Pad2)"))
    (pad 3 thru_hole oval (at 7.62 0 90) (size 1.8 3.6) (drill 1.2) (layers *.Cu *.Mask)
      (net 4 "Net-(C4-Pad2)"))
    (model ${KISYS3DMOD}/Connectors_Phoenix.3dshapes/PhoenixContact_MCV-G_03x3.81mm_Vertical.wrl
      (at (xyz 0 0 0))
      (scale (xyz 1 1 1))
      (rotate (xyz 0 0 0))
    )
  )

  (module Connectors_Phoenix:PhoenixContact_MCV-G_03x3.81mm_Vertical (layer F.Cu) (tedit 59566E61) (tstamp 5D7C02BF)
    (at 20 35.31 90)
    (descr "Generic Phoenix Contact connector footprint for series: MCV-G; number of pins: 03; pin pitch: 3.81mm; Vertical || order number: 1803439 8A 160V")
    (tags "phoenix_contact connector MCV_01x03_G_3.81mm")
    (path /5D835640)
    (fp_text reference J3 (at -3.69 -3.5 90) (layer F.SilkS)
      (effects (font (size 1 1) (thickness 0.15)))
    )
    (fp_text value Conn_01x03_Male (at 3.81 4 90) (layer F.Fab)
      (effects (font (size 1 1) (thickness 0.15)))
    )
    (fp_text user %R (at 3.81 -3 90) (layer F.Fab)
      (effects (font (size 1 1) (thickness 0.15)))
    )
    (fp_line (start -3.1 -4.75) (end -1.1 -4.75) (layer F.Fab) (width 0.1))
    (fp_line (start -3.1 -3.5) (end -3.1 -4.75) (layer F.Fab) (width 0.1))
    (fp_line (start -3.1 -4.75) (end -1.1 -4.75) (layer F.SilkS) (width 0.12))
    (fp_line (start -3.1 -3.5) (end -3.1 -4.75) (layer F.SilkS) (width 0.12))
    (fp_line (start 10.72 -4.75) (end -3.1 -4.75) (layer F.CrtYd) (width 0.05))
    (fp_line (start 10.72 3.5) (end 10.72 -4.75) (layer F.CrtYd) (width 0.05))
    (fp_line (start -3.1 3.5) (end 10.72 3.5) (layer F.CrtYd) (width 0.05))
    (fp_line (start -3.1 -4.75) (end -3.1 3.5) (layer F.CrtYd) (width 0.05))
    (fp_line (start 9.12 2.25) (end 8.37 2.25) (layer F.SilkS) (width 0.12))
    (fp_line (start 9.12 -2.05) (end 9.12 2.25) (layer F.SilkS) (width 0.12))
    (fp_line (start 8.37 -2.05) (end 9.12 -2.05) (layer F.SilkS) (width 0.12))
    (fp_line (start 8.37 -2.4) (end 8.37 -2.05) (layer F.SilkS) (width 0.12))
    (fp_line (start 8.87 -2.4) (end 8.37 -2.4) (layer F.SilkS) (width 0.12))
    (fp_line (start 9.12 -3.4) (end 8.87 -2.4) (layer F.SilkS) (width 0.12))
    (fp_line (start 6.12 -3.4) (end 9.12 -3.4) (layer F.SilkS) (width 0.12))
    (fp_line (start 6.37 -2.4) (end 6.12 -3.4) (layer F.SilkS) (width 0.12))
    (fp_line (start 6.87 -2.4) (end 6.37 -2.4) (layer F.SilkS) (width 0.12))
    (fp_line (start 6.87 -2.05) (end 6.87 -2.4) (layer F.SilkS) (width 0.12))
    (fp_line (start 6.12 -2.05) (end 6.87 -2.05) (layer F.SilkS) (width 0.12))
    (fp_line (start 6.12 2.25) (end 6.12 -2.05) (layer F.SilkS) (width 0.12))
    (fp_line (start 6.87 2.25) (end 6.12 2.25) (layer F.SilkS) (width 0.12))
    (fp_line (start 5.31 2.25) (end 4.56 2.25) (layer F.SilkS) (width 0.12))
    (fp_line (start 5.31 -2.05) (end 5.31 2.25) (layer F.SilkS) (width 0.12))
    (fp_line (start 4.56 -2.05) (end 5.31 -2.05) (layer F.SilkS) (width 0.12))
    (fp_line (start 4.56 -2.4) (end 4.56 -2.05) (layer F.SilkS) (width 0.12))
    (fp_line (start 5.06 -2.4) (end 4.56 -2.4) (layer F.SilkS) (width 0.12))
    (fp_line (start 5.31 -3.4) (end 5.06 -2.4) (layer F.SilkS) (width 0.12))
    (fp_line (start 2.31 -3.4) (end 5.31 -3.4) (layer F.SilkS) (width 0.12))
    (fp_line (start 2.56 -2.4) (end 2.31 -3.4) (layer F.SilkS) (width 0.12))
    (fp_line (start 3.06 -2.4) (end 2.56 -2.4) (layer F.SilkS) (width 0.12))
    (fp_line (start 3.06 -2.05) (end 3.06 -2.4) (layer F.SilkS) (width 0.12))
    (fp_line (start 2.31 -2.05) (end 3.06 -2.05) (layer F.SilkS) (width 0.12))
    (fp_line (start 2.31 2.25) (end 2.31 -2.05) (layer F.SilkS) (width 0.12))
    (fp_line (start 3.06 2.25) (end 2.31 2.25) (layer F.SilkS) (width 0.12))
    (fp_line (start 1.5 2.25) (end 0.75 2.25) (layer F.SilkS) (width 0.12))
    (fp_line (start 1.5 -2.05) (end 1.5 2.25) (layer F.SilkS) (width 0.12))
    (fp_line (start 0.75 -2.05) (end 1.5 -2.05) (layer F.SilkS) (width 0.12))
    (fp_line (start 0.75 -2.4) (end 0.75 -2.05) (layer F.SilkS) (width 0.12))
    (fp_line (start 1.25 -2.4) (end 0.75 -2.4) (layer F.SilkS) (width 0.12))
    (fp_line (start 1.5 -3.4) (end 1.25 -2.4) (layer F.SilkS) (width 0.12))
    (fp_line (start -1.5 -3.4) (end 1.5 -3.4) (layer F.SilkS) (width 0.12))
    (fp_line (start -1.25 -2.4) (end -1.5 -3.4) (layer F.SilkS) (width 0.12))
    (fp_line (start -0.75 -2.4) (end -1.25 -2.4) (layer F.SilkS) (width 0.12))
    (fp_line (start -0.75 -2.05) (end -0.75 -2.4) (layer F.SilkS) (width 0.12))
    (fp_line (start -1.5 -2.05) (end -0.75 -2.05) (layer F.SilkS) (width 0.12))
    (fp_line (start -1.5 2.25) (end -1.5 -2.05) (layer F.SilkS) (width 0.12))
    (fp_line (start -0.75 2.25) (end -1.5 2.25) (layer F.SilkS) (width 0.12))
    (fp_line (start 10.22 -4.25) (end -2.6 -4.25) (layer F.Fab) (width 0.1))
    (fp_line (start 10.22 3) (end 10.22 -4.25) (layer F.Fab) (width 0.1))
    (fp_line (start -2.6 3) (end 10.22 3) (layer F.Fab) (width 0.1))
    (fp_line (start -2.6 -4.25) (end -2.6 3) (layer F.Fab) (width 0.1))
    (fp_line (start 10.3 -4.33) (end -2.68 -4.33) (layer F.SilkS) (width 0.12))
    (fp_line (start 10.3 3.08) (end 10.3 -4.33) (layer F.SilkS) (width 0.12))
    (fp_line (start -2.68 3.08) (end 10.3 3.08) (layer F.SilkS) (width 0.12))
    (fp_line (start -2.68 -4.33) (end -2.68 3.08) (layer F.SilkS) (width 0.12))
    (fp_arc (start 7.62 3.95) (end 6.87 2.25) (angle 47.6) (layer F.SilkS) (width 0.12))
    (fp_arc (start 3.81 3.95) (end 3.06 2.25) (angle 47.6) (layer F.SilkS) (width 0.12))
    (fp_arc (start 0 3.95) (end -0.75 2.25) (angle 47.6) (layer F.SilkS) (width 0.12))
    (pad 3 thru_hole oval (at 7.62 0 90) (size 1.8 3.6) (drill 1.2) (layers *.Cu *.Mask)
      (net 8 VEE))
    (pad 2 thru_hole oval (at 3.81 0 90) (size 1.8 3.6) (drill 1.2) (layers *.Cu *.Mask)
      (net 6 GND))
    (pad 1 thru_hole rect (at 0 0 90) (size 1.8 3.6) (drill 1.2) (layers *.Cu *.Mask)
      (net 11 N_INV_In))
    (model ${KISYS3DMOD}/Connectors_Phoenix.3dshapes/PhoenixContact_MCV-G_03x3.81mm_Vertical.wrl
      (at (xyz 0 0 0))
      (scale (xyz 1 1 1))
      (rotate (xyz 0 0 0))
    )
  )

  (module Pin_Headers:Pin_Header_Straight_1x02_Pitch2.54mm (layer F.Cu) (tedit 59650532) (tstamp 5D7C02D5)
    (at 30.5 29.5 270)
    (descr "Through hole straight pin header, 1x02, 2.54mm pitch, single row")
    (tags "Through hole pin header THT 1x02 2.54mm single row")
    (path /5D7CC298)
    (fp_text reference J4 (at 0 -2.33 270) (layer F.SilkS)
      (effects (font (size 1 1) (thickness 0.15)))
    )
    (fp_text value Conn_01x02_Male (at 0 4.87 270) (layer F.Fab)
      (effects (font (size 1 1) (thickness 0.15)))
    )
    (fp_line (start -0.635 -1.27) (end 1.27 -1.27) (layer F.Fab) (width 0.1))
    (fp_line (start 1.27 -1.27) (end 1.27 3.81) (layer F.Fab) (width 0.1))
    (fp_line (start 1.27 3.81) (end -1.27 3.81) (layer F.Fab) (width 0.1))
    (fp_line (start -1.27 3.81) (end -1.27 -0.635) (layer F.Fab) (width 0.1))
    (fp_line (start -1.27 -0.635) (end -0.635 -1.27) (layer F.Fab) (width 0.1))
    (fp_line (start -1.33 3.87) (end 1.33 3.87) (layer F.SilkS) (width 0.12))
    (fp_line (start -1.33 1.27) (end -1.33 3.87) (layer F.SilkS) (width 0.12))
    (fp_line (start 1.33 1.27) (end 1.33 3.87) (layer F.SilkS) (width 0.12))
    (fp_line (start -1.33 1.27) (end 1.33 1.27) (layer F.SilkS) (width 0.12))
    (fp_line (start -1.33 0) (end -1.33 -1.33) (layer F.SilkS) (width 0.12))
    (fp_line (start -1.33 -1.33) (end 0 -1.33) (layer F.SilkS) (width 0.12))
    (fp_line (start -1.8 -1.8) (end -1.8 4.35) (layer F.CrtYd) (width 0.05))
    (fp_line (start -1.8 4.35) (end 1.8 4.35) (layer F.CrtYd) (width 0.05))
    (fp_line (start 1.8 4.35) (end 1.8 -1.8) (layer F.CrtYd) (width 0.05))
    (fp_line (start 1.8 -1.8) (end -1.8 -1.8) (layer F.CrtYd) (width 0.05))
    (fp_text user %R (at 0 1.27) (layer F.Fab)
      (effects (font (size 1 1) (thickness 0.15)))
    )
    (pad 1 thru_hole rect (at 0 0 270) (size 1.7 1.7) (drill 1) (layers *.Cu *.Mask)
      (net 1 "Net-(C1-Pad2)"))
    (pad 2 thru_hole oval (at 0 2.54 270) (size 1.7 1.7) (drill 1) (layers *.Cu *.Mask)
      (net 11 N_INV_In))
    (model ${KISYS3DMOD}/Pin_Headers.3dshapes/Pin_Header_Straight_1x02_Pitch2.54mm.wrl
      (at (xyz 0 0 0))
      (scale (xyz 1 1 1))
      (rotate (xyz 0 0 0))
    )
  )

  (module Pin_Headers:Pin_Header_Straight_1x02_Pitch2.54mm (layer F.Cu) (tedit 59650532) (tstamp 5D7C02EB)
    (at 42.5 47.46)
    (descr "Through hole straight pin header, 1x02, 2.54mm pitch, single row")
    (tags "Through hole pin header THT 1x02 2.54mm single row")
    (path /5D7D10C7)
    (fp_text reference J5 (at 0 5.54) (layer F.SilkS)
